0.00125126
0.563585
0.193304
0.808741
0.585009
0.479873
0.350291
0.895962
0.82284
0.746605
0.174108
0.858943
0.710501
0.513535
0.303995
0.0149846
0.0914029
0.364452
0.147313
0.165899
0.988525
0.445692
0.119083
0.00466933
0.0089114
0.37788
0.531663
0.571184
0.601764
0.607166
0.166234
0.663045
0.450789
0.352123
0.0570391
0.607685
0.783319
0.802606
0.519883
0.30195
0.875973
0.726676
0.955901
0.925718
0.539354
0.142338
0.462081
0.235328
0.862239
0.209601
0.779656
0.843654
0.996796
0.999695
0.611499
0.392438
0.266213
0.297281
0.840144
0.0237434
0.375866
0.0926237
0.677206
0.0562151
0.00878933
0.91879
0.275887
0.272897
0.587909
0.691183
0.837611
0.726493
0.484939
0.205359
0.743736
0.468459
0.457961
0.949156
0.744438
0.10828
0.599048
0.385235
0.735008
0.608966
0.572405
0.361339
0.151555
0.225105
0.425153
0.802881
0.517106
0.98999
0.751549
0.345561
0.168981
0.657308
0.491897
0.0635304
0.699759
0.504795
0.147495
0.949583
0.141572
0.905113
0.692892
0.30304
0.426557
0.070364
0.966612
0.683187
0.15323
0.87725
0.82168
0.58204
0.191351
0.177881
0.817194
0.475264
0.15555
0.503917
0.732017
0.405582
0.27958
0.568731
0.682241
0.755852
0.721912
0.475291
0.12302
0.3678
0.834681
0.0350846
0.517013
0.662984
0.426218
0.104674
0.949339
0.921375
0.549547
0.345977
0.471724
0.374981
0.846977
0.316869
0.456099
0.27188
0.982971
0.297788
0.739188
0.567278
0.195987
0.76131
0.839442
0.397647
0.5009
0.890152
0.0274661
0.994628
0.572585
0.0505035
0.531327
0.194058
0.843043
0.626747
0.657612
0.197851
0.842155
0.123321
0.109652
0.74311
0.312423
0.940216
0.28577
0.332303
0.13867
0.732754
0.834345
0.707983
0.598598
0.746364
0.252414
0.140471
2.69099e-05
0.0606758
0.805962
0.852611
0.208935
0.114751
0.552899
0.0102416
0.11218
0.454181
0.751945
0.686132
0.541803
0.0730339
0.43641
0.197937
0.694628
0.290022
0.436414
0.232414
0.576225
0.531726
0.628371
0.156181
0.502542
0.962711
0.695485
0.924787
0.188304
0.335095
0.17804
0.991167
0.455849
0.997685
0.0972312
0.625156
0.0927518
0.436875
0.931206
0.0444246
0.893027
0.289686
0.227026
0.769051
0.409076
0.201119
0.627761
0.600136
0.45002
0.466022
0.597552
0.634709
0.85315
0.827938
0.624465
0.716898
0.564159
0.374802
-0.294683
0.258851
0.0765621
0.426237
-0.23608
-0.288478
0.126125
0.219538
0.105552
0.00125126
0.563585
0.193304
0.808741
0.585009
0.479873
0.350291
0.895962
0.82284
0.746605
0.174108
0.858943
0.710501
0.513535
0.303995
0.0149846
0.0914029
0.364452
0.147313
0.165899
0.988525
0.445692
0.119083
0.00466933
0.0089114
0.37788
0.531663
0.571184
0.601764
0.607166
0.166234
0.663045
0.450789
0.352123
0.0570391
0.607685
0.783319
0.802606
0.519883
0.30195
0.875973
0.726676
0.955901
0.925718
0.539354
0.142338
0.462081
0.235328
0.832618
0.195546
0.774191
0.470764
0.967174
0.98564
0.606034
0.0195475
0.236592
0.283226
0.834679
-0.349147
0.346245
0.0785687
0.671741
-0.316675
-0.0208321
0.904735
0.270422
-0.0999935
0.0770551
0.138538
0.259778
0.364154
-0.0266917
-0.347998
0.164526
0.10607
-0.0589796
0.390035
0.158894
-0.257654
0.165029
-0.0665098
0.517043
0.236363
0.053647
-0.19974
-0.436089
-0.142084
7.77829e-05
-3.18483e-05
-0.000139057
0.000109348
1.08869
